"","VaR of  Normal","VaR of  Laplace","VaR of  Power-like","RB(VaR) of Normal","RB(VaR) of Laplace","RB(VaR) of Power-like","ES of Normal","ES of Laplace","ES of Power-like","RB(ES) of Normal","RB(ES) of Laplace","RB(ES) of Power-like"
0.001,-0.674876238458785,-0.674428379919349,-0.674788756421207,-2.26184981369326e-05,-2.18524563522364e-05,-2.23752825647333e-05,-1.27251902149913,-1.27126346897875,-1.27336914781903,1.02191127241589e-05,9.94709770828326e-06,1.01234891743305e-05
0.011,-0.678615101749994,-0.673665720121114,-0.677644363588287,-6.17319308533923e-05,-1.95349901041733e-05,-4.66755094342717e-05,-1.28676342338882,-1.27296157105146,-1.29611880852242,2.0166804121078e-05,1.00392283005841e-05,1.59788200925866e-05
0.021,-0.682393990224641,-0.672900974348891,-0.680524467447812,-0.00015906490843215,-1.41123523243366e-05,-0.000106766029138725,-1.30099012907012,-1.27465893254497,-1.31885813613909,4.34991808353208e-05,1.07121211535078e-05,2.9467192408871e-05
0.031,-0.686213489369753,-0.672134140941214,-0.68342937784358,-0.000314491522552499,-5.57142153741979e-06,-0.00020264117272156,-1.3151988713463,-1.27635555026568,-1.34158700622878,7.9986009173866e-05,1.19659626220215e-05,5.02935481107207e-05
0.041,-0.690074193545821,-0.671365218325639,-0.686359409495739,-0.000527880548105388,6.10090924826133e-06,-0.000334294568258381,-1.32938937814626,-1.27805142101009,-1.36430529239336,0.000129411662326695,1.38009478374067e-05,7.81842748235418e-05
0.051,-0.693976706024388,-0.670594205020247,-0.689314882079387,-0.000799095214091355,2.09177306928655e-05,-0.000501719105181147,-1.34356137244448,-1.27974654156488,-1.38701286624272,0.000191574405636497,1.62172806367049e-05,0.000112885459283062
0.061,-0.697921639017601,-0.669821099635161,-0.692296120303923,-0.00112799296663422,3.88921152368765e-05,-0.000704906897148283,-1.35771457218037,-1.2814409087069,-1.40970959735991,0.000266285729828089,1.92151734942622e-05,0.000154161312031348
0.071,-0.701848578542808,-0.669045900874069,-0.695303453993131,-0.00142759349851089,6.0037115178185e-05,-0.000943849243406035,-1.37190061461738,-1.28313451920326,-1.43239535326588,0.000315507810410518,2.2794847451201e-05,0.0002017927441237
0.081,-0.705880225058972,-0.66826860753577,-0.698337218165949,-0.00187193971343542,8.4365760709289e-05,-0.00121853658860122,-1.3860153007436,-1.28482736981131,-1.45506999938352,0.000415224141298421,2.6956532046984e-05,0.000255576079085774
0.091,-0.709956182530388,-0.667489218515716,-0.701336717961646,-0.00237350836781598,0.000111891057921926,-0.00144206464744018,-1.40011031489994,-1.28651945727874,-1.47778522829723,0.000526987501749374,3.17004652454575e-05,0.000280238547158222
